10000 
2537  
11386  
8091  
3441  
10034  
17747  
10544  
393  
28832  
28460  
13184  
31815  
8091  
16345  
30430  
10049  
32690  
15294  
28908  
10528  
32318  
14052  
4448  
12113  
23874  
19533  
9223  
16382  
3478  
24452  
7178  
26685  
29765  
23671  
9328  
6791  
7987  
10633  
6628  
20843  
11523  
32740  
20920  
19075  
27703  
7692  
21035  
28072  
30105  
2234  
24551  
13410  
17882  
19943  
1230  
9634  
6778  
32295  
29686  
14772  
5607  
20536  
28402  
14959  
28393  
8923  
4180  
29615  
12093  
20706  
8047  
18437  
17793  
2955  
20834  
32172  
28240  
12044  
6994  
22463  
14509  
17775  
31222  
20394  
10661  
11168  
21081  
735  
17200  
3269  
20443  
10442  
29273  
10189  
25465  
9478  
10398  
4940  
18511  
2513  
9370  
29574  
12635  
7869  
11745  
22217  
1156  
16297  
18476  
11265  
18139  
10224  
8630  
1926  
7712  
32224  
16613  
10808  
2952  
12910  
13613  
32462  
17341  
2343  
20274  
363  
18471  
23658  
9260  
17778  
9578  
29141  
24720  
3484  
31536  
29437  
11757  
10824  
12584  
24162  
12307  
4626  
32079  
1186  
23931  
26790  
8046  
26092  
14051  
26583  
30179  
952  
8761  
24299  
20389  
31413  
27834  
15417  
8067  
30979  
14427  
21751  
29868  
25763  
22632  
24397  
23668  
17964  
24939  
21165  
4437  
19391  
28751  
8807  
6964  
30780  
27845  
1656  
17638  
21174  
19175  
18083  
2803  
10789  
4123  
15300  
26522  
16731  
7995  
31584  
8213  
30522  
4083  
24960  
30494  
16163  
5482  
27840  
26801  
32177  
14372  
8355  
21268  
7592  
26407  
25129  
12565  
28968  
9308  
676  
18835  
13095  
20537  
27847  
30783  
15646  
22685  
10240  
29604  
17665  
20219  
9736  
13413  
14197  
10683  
3768  
25030  
574  
13533  
32286  
26478  
25334  
30176  
26832  
6252  
3589  
1762  
6784  
887  
16845  
11528  
721  
23674  
6693  
11808  
17513  
8016  
14345  
10629  
14919  
20427  
4495  
30787  
26455  
31484  
32285  
22652  
1092  
23982  
21210  
26635  
8078  
21556  
9058  
12902  
988  
30565  
31422  
21961  
22675  
2788  
8339  
913  
12455  
8357  
16025  
24550  
31666  
5548  
31311  
1180  
3395  
19480  
22254  
11099  
11896  
18017  
29595  
17150  
28111  
2014  
31200  
29754  
8505  
24202  
20573  
22912  
20080  
31239  
26043  
28196  
28043  
29667  
10210  
30910  
14800  
11547  
31596  
29905  
1225  
9437  
18265  
16298  
16282  
11410  
26884  
3211  
11921  
7452  
9301  
25609  
31487  
29020  
25657  
12979  
5958  
27128  
24399  
10996  
10548  
7771  
29925  
32315  
28303  
7933  
22050  
12632  
20465  
3300  
20356  
4138  
5590  
19051  
18062  
1143  
29684  
10562  
16314  
21531  
24267  
14774  
181  
2661  
24444  
7986  
8907  
4286  
23006  
3590  
10656  
14987  
30927  
22120  
29218  
18517  
13512  
8376  
3515  
9767  
10421  
16137  
24011  
26936  
10499  
14300  
853  
20682  
20730  
28206  
30457  
20050  
31309  
2742  
23842  
22745  
21231  
2664  
27264  
4002  
1321  
5693  
27833  
28685  
9706  
2102  
19291  
8891  
23902  
16799  
5398  
9203  
32193  
13969  
27944  
19269  
31862  
21178  
27928  
30317  
339  
7008  
20135  
23418  
64  
12964  
29188  
17967  
4352  
8196  
5183  
17577  
31054  
548  
18944  
1858  
7468  
3534  
4729  
30646  
18808  
32311  
5785  
19332  
3264  
23172  
26754  
5527  
4695  
13452  
22334  
6950  
13224  
17632  
10925  
28633  
13259  
2057  
23490  
7469  
22870  
16656  
7407  
22809  
23158  
1348  
18142  
4082  
20286  
13623  
32098  
17804  
7742  
1802  
8365  
4514  
5976  
1514  
24259  
15223  
12495  
10971  
31023  
14526  
6817  
29364  
4852  
5047  
7191  
5483  
6854  
31900  
28570  
17043  
9594  
2619  
4296  
1827  
19644  
28132  
12487  
16505  
26112  
7813  
17625  
16543  
9659  
16148  
25393  
1996  
722  
17453  
25094  
14126  
28242  
7421  
27877  
8422  
13155  
25438  
1099  
6485  
4983  
22339  
7027  
28054  
29383  
10583  
18541  
9035  
10496  
22753  
14960  
26013  
19001  
10475  
27249  
17278  
31785  
28835  
14836  
9009  
11159  
19201  
29731  
3853  
13841  
27050  
25885  
16254  
23521  
3861  
31632  
1612  
3645  
29676  
10378  
32544  
28094  
7093  
29068  
10564  
3348  
23729  
26849  
20138  
19447  
7940  
45  
23600  
24160  
5911  
26953  
3874  
21498  
32571  
31054  
7168  
13267  
5263  
16880  
12930  
88  
23331  
21774  
730  
14208  
27997  
26246  
10297  
9031  
23196  
16462  
7316  
3678  
22812  
15553  
6568  
12577  
20250  
15158  
2876  
27337  
30520  
17111  
30374  
6883  
9250  
18353  
31632  
12033  
26482  
17927  
20988  
14511  
8145  
10220  
27014  
8104  
12895  
10513  
3561  
17482  
29526  
11483  
13509  
9800  
490  
15032  
22688  
25503  
7027  
5300  
1322  
9163  
10701  
7239  
30917  
17210  
4351  
31089  
32580  
21249  
28  
14345  
27123  
16590  
18791  
20307  
18648  
15133  
1466  
18384  
18745  
9647  
1833  
29530  
23903  
12856  
24290  
27504  
4505  
29017  
31319  
18894  
12931  
28621  
7072  
20288  
10375  
13287  
12570  
27833  
11429  
12092  
20565  
25247  
14960  
30877  
22573  
27242  
25433  
25160  
32310  
7789  
26416  
16478  
19294  
5107  
13800  
29592  
19405  
23438  
16027  
3126  
30224  
23468  
12237  
6457  
3447  
14699  
3317  
30674  
955  
17327  
15674  
14106  
7652  
5233  
30586  
25603  
24682  
23642  
12176  
20879  
1691  
3216  
26839  
12608  
2364  
21200  
4586  
4047  
30835  
7101  
19886  
2593  
11493  
3959  
19859  
20086  
5147  
15472  
8470  
15844  
7210  
25723  
7819  
16900  
659  
8230  
18713  
10987  
2664  
19530  
22534  
10587  
23984  
30176  
17204  
14651  
7693  
14358  
30956  
4165  
26780  
16547  
8411  
25855  
20765  
28247  
4186  
8684  
6228  
15862  
21491  
22787  
8622  
31046  
29216  
2912  
27688  
23655  
19285  
6458  
4717  
9571  
15169  
28181  
5694  
16902  
24402  
15672  
31511  
4080  
9847  
25186  
29712  
25320  
3625  
15033  
10497  
17779  
12460  
2563  
22249  
10149  
2194  
16408  
20369  
28728  
3458  
12951  
7276  
9179  
3639  
7897  
18626  
5836  
27595  
2083  
5901  
23721  
6710  
17952  
9636  
27268  
2578  
22414  
18070  
7989  
24481  
19767  
3801  
9716  
6928  
24867  
24740  
26407  
5629  
3596  
29977  
31608  
31288  
15122  
10535  
21803  
5574  
20400  
4527  
5038  
12332  
17391  
6885  
13682  
17642  
217  
14074  
7162  
18245  
9521  
24568  
5682  
21321  
609  
28909  
25857  
28687  
26036  
6731  
28193  
18236  
453  
30095  
4399  
30154  
3128  
31777  
21246  
23051  
25511  
25979  
21297  
746  
20959  
12430  
16393  
9333  
15949  
23649  
15483  
13720  
25779  
5116  
27782  
6955  
25631  
20868  
7107  
1072  
14878  
15527  
12862  
23381  
32301  
18491  
27524  
29121  
29040  
21281  
1021  
18188  
13991  
20592  
20604  
4751  
18013  
15055  
29717  
29151  
29538  
22307  
10287  
24724  
4988  
2667  
19161  
23887  
8282  
18151  
10082  
24571  
25801  
21632  
11555  
1362  
2603  
30820  
2208  
5027  
6692  
16369  
21200  
15571  
18582  
29396  
19128  
16803  
6608  
28786  
19775  
23088  
14594  
31879  
32573  
1984  
4852  
16140  
24021  
13243  
2296  
31583  
10501  
16376  
20510  
17054  
23675  
27706  
20646  
9555  
10922  
13563  
6587  
10327  
11806  
3944  
15710  
240  
17676  
9900  
10400  
23613  
19246  
32369  
19476  
13780  
9677  
7844  
10372  
425  
22048  
11385  
5091  
11570  
1492  
5296  
19075  
15304  
16876  
11030  
8328  
593  
22475  
25422  
26525  
17948  
2191  
1745  
23781  
17164  
1697  
3124  
13108  
23801  
29066  
29610  
3456  
83  
17417  
19657  
32146  
30216  
26722  
18833  
23297  
11944  
26360  
682  
1633  
18632  
25374  
20717  
27832  
22180  
23083  
24614  
24369  
9992  
22732  
24344  
4885  
5488  
6815  
28866  
24054  
9582  
18429  
17121  
558  
27980  
17943  
28086  
8072  
5106  
19780  
265  
7228  
26123  
14745  
25198  
6689  
18020  
18875  
24775  
19486  
32148  
16369  
8458  
16353  
11490  
6525  
18501  
28628  
26723  
20525  
1759  
12621  
15459  
23085  
26912  
21254  
8710  
23583  
4339  
32716  
10031  
16749  
15595  
14715  
19873  
11998  
16517  
41  
25957  
872  
20909  
31138  
26219  
23366  
20355  
11541  
3444  
18762  
26206  
9996  
16430  
14963  
13585  
6561  
31905  
14274  
22382  
19695  
22475  
31306  
31241  
29640  
20359  
1415  
23359  
14502  
29620  
15344  
23926  
5859  
10898  
8655  
3749  
21548  
5231  
16977  
18712  
11827  
21124  
27353  
20845  
4260  
13594  
12442  
5603  
26459  
5361  
29797  
29396  
24788  
23521  
22719  
8319  
13538  
194  
24119  
11787  
17316  
31370  
6647  
11721  
8373  
28341  
15000  
30394  
24228  
7914  
20283  
8017  
11940  
23003  
1237  
5497  
10372  
29549  
19914  
30682  
20193  
2073  
10174  
5208  
9114  
3985  
29607  
12253  
24708  
679  
5159  
31577  
10335  
6251  
17946  
23047  
17417  
24212  
26475  
23793  
16370  
12578  
8235  
6070  
32208  
21825  
8676  
12939  
3732  
15215  
28970  
23936  
26780  
11489  
28020  
2309  
20010  
26659  
2858  
1964  
30741  
28928  
29695  
32048  
22718  
6049  
385  
16055  
2886  
31481  
17902  
2132  
17150  
2656  
5962  
11216  
20255  
19069  
20654  
7338  
1724  
24938  
15843  
32092  
12532  
11795  
25904  
4576  
15724  
28383  
9071  
15219  
24829  
15251  
20070  
24985  
27305  
22131  
20821  
27745  
25812  
6314  
30668  
13290  
22192  
32235  
23231  
2342  
14842  
4953  
9180  
15326  
30948  
19876  
6940  
16886  
2130  
2677  
12953  
25587  
29256  
16653  
1183  
4794  
25763  
9769  
30725  
19098  
6152  
18216  
32446  
10125  
8987  
24687  
8875  
3771  
3569  
29453  
21683  
4416  
14791  
23963  
12822  
27695  
28916  
31846  
13310  
18903  
13084  
5329  
32088  
10309  
4519  
4084  
15073  
2314  
12401  
18569  
18820  
20030  
16067  
28681  
5859  
26820  
31875  
20242  
28724  
15312  
8103  
25868  
13134  
22951  
11759  
11020  
5635  
32166  
7892  
32248  
30641  
26502  
22972  
29677  
28948  
31710  
25711  
8413  
5726  
19945  
21966  
3709  
8074  
30346  
24771  
27486  
27373  
23693  
2932  
13657  
3598  
21040  
26300  
25393  
26807  
11234  
23003  
20852  
28236  
13386  
22124  
30370  
6492  
8587  
2200  
8849  
15734  
28615  
22410  
19728  
11070  
17634  
18978  
14283  
23231  
16776  
9198  
26479  
4099  
25457  
20054  
14350  
11745  
23779  
25110  
4292  
11031  
1401  
25842  
31387  
23961  
18468  
4004  
7852  
4136  
12911  
12314  
28551  
5669  
2311  
31710  
469  
20904  
1402  
26326  
22588  
24525  
8511  
21037  
9859  
24398  
4599  
10129  
20471  
1367  
23282  
13471  
9485  
29845  
6133  
23195  
9288  
2705  
25914  
26213  
16989  
5948  
2233  
9384  
32150  
13002  
16550  
1621  
16500  
9668  
23355  
26960  
22424  
5977  
31671  
22889  
32483  
30198  
12455  
23949  
18909  
19990  
16228  
9533  
27475  
858  
18653  
10816  
8261  
8156  
11158  
6805  
16895  
11713  
18161  
7852  
17285  
20237  
941  
20438  
7732  
1979  
17836  
29433  
29095  
28174  
11001  
19336  
23256  
13602  
15369  
6834  
18055  
17862  
28993  
7898  
17120  
22926  
12729  
10056  
5208  
19491  
12096  
4126  
4568  
5854  
17312  
14989  
3101  
10901  
13091  
21832  
17503  
7093  
30805  
2361  
13872  
21649  
32012  
24180  
14504  
16890  
25766  
28009  
15039  
11792  
19346  
12381  
7930  
15703  
8210  
2331  
31306  
16910  
30782  
20198  
14897  
22972  
2381  
30899  
30246  
2315  
9232  
14229  
28731  
18905  
23231  
5497  
2301  
16269  
13304  
27667  
10907  
1447  
3845  
18456  
28491  
19612  
7518  
3246  
1770  
14560  
5486  
27425  
8162  
14404  
666  
727  
22353  
16770  
22144  
15750  
29800  
12822  
8060  
15268  
29457  
15952  
2161  
25887  
8660  
10152  
1478  
29263  
22267  
11601  
21422  
297  
244  
27409  
10669  
2741  
5624  
6735  
18264  
19650  
9962  
26990  
15964  
31704  
6530  
23897  
7617  
20846  
19882  
29023  
25200  
19037  
12840  
26946  
20723  
10645  
3198  
2442  
7293  
4878  
30734  
10783  
32554  
21250  
24706  
22295  
10119  
9562  
31595  
29645  
8021  
4454  
1320  
5171  
3978  
11728  
17674  
105  
1433  
24787  
7350  
5774  
7667  
28840  
9930  
32470  
14286  
30785  
10435  
26076  
5669  
5178  
23582  
12602  
4608  
23565  
21181  
25176  
16885  
31621  
31373  
7041  
15087  
117  
1126  
31548  
20014  
12457  
12850  
16857  
26767  
31773  
20562  
30026  
30478  
24429  
24125  
30516  
29833  
19085  
10858  
16710  
1223  
24506  
25969  
15306  
16568  
7856  
28781  
25209  
6142  
20510  
27300  
11156  
27565  
17751  
17002  
25904  
17999  
16458  
19778  
31954  
21804  
6068  
11079  
25915  
1736  
27540  
31178  
3717  
29356  
32224  
6461  
9327  
28265  
886  
2639  
1782  
29659  
341  
9817  
12581  
15531  
2573  
14073  
557  
14103  
28532  
12540  
7352  
14326  
15515  
5762  
20603  
3574  
3072  
17500  
16906  
23081  
3589  
11961  
17649  
20928  
21409  
20738  
7168  
19734  
12630  
21762  
5094  
18416  
20067  
13642  
11266  
14083  
13370  
24276  
16757  
22198  
29236  
5606  
28796  
22314  
10628  
8761  
8189  
2423  
5482  
1627  
27487  
29241  
25513  
18002  
24223  
25932  
28986  
386  
14496  
3795  
16194  
25553  
10179  
3455  
13378  
12808  
13496  
526  
32141  
30076  
20372  
14353  
9472  
2799  
13091  
19443  
12013  
6321  
4735  
29239  
21592  
12298  
17633  
17409  
11622  
7645  
25528  
13528  
24594  
11909  
3832  
5546  
10018  
26883  
19381  
18704  
17753  
1371  
12528  
3284  
14575  
8763  
22193  
31921  
17214  
32222  
15190  
12889  
6334  
13872  
4906  
9917  
19763  
21555  
13881  
14472  
20517  
9889  
8291  
31724  
3473  
12243  
14256  
14242  
1758  
10977  
19683  
13100  
30738  
27659  
2642  
14942  
23878  
8279  
17652  
31260  
27736  
12412  
25532  
6757  
22239  
19199  
20773  
14737  
26724  
22940  
11023  
11478  
21711  
26087  
9417  
10769  
19231  
12595  
20335  
16067  
8286  
947  
15478  
14426  
9940  
30431  
11909  
25011  
1404  
16153  
19590  
14812  
9140  
14481  
2814  
2078  
32056  
15206  
16281  
28987  
29265  
31502  
4874  
29172  
26698  
29943  
17681  
25294  
20004  
12910  
30429  
26902  
22923  
25025  
28565  
31011  
4104  
2720  
3890  
19931  
28791  
25033  
25487  
31097  
20668  
32741  
5059  
29581  
17330  
32684  
5550  
18499  
7012  
18256  
25042  
19689  
23424  
281  
6500  
32172  
12296  
1868  
21155  
26786  
15435  
18258  
32617  
18958  
22036  
24598  
8704  
15839  
289  
32687  
17462  
10873  
16086  
17471  
25780  
18616  
1587  
9243  
20107  
27954  
30724  
8492  
3856  
30397  
9047  
19349  
32234  
1586  
28211  
22421  
2921  
25456  
30343  
19119  
18714  
13219  
32609  
1033  
24728  
25798  
15968  
9235  
27812  
29286  
7532  
5992  
26744  
26537  
17572  
18681  
10585  
17040  
152  
16232  
5740  
7289  
22713  
10674  
4810  
15336  
27150  
7953  
19926  
29574  
23080  
5665  
28111  
29290  
30295  
22337  
18593  
27032  
21278  
28220  
7937  
10951  
32741  
24361  
3512  
9320  
8942  
8847  
10559  
24291  
4490  
11469  
30605  
24356  
14477  
1209  
15405  
4694  
26879  
11656  
19091  
9966  
23828  
26606  
21168  
30444  
2398  
3717  
23492  
26461  
3650  
4467  
24948  
24869  
23977  
21832  
18204  
18171  
26871  
31013  
5478  
3253  
27457  
18467  
13852  
21446  
9147  
23026  
8762  
12549  
5231  
9921  
13896  
32688  
6453  
4702  
8422  
26032  
27359  
12959  
8105  
27934  
25268  
21760  
32293  
22279  
4640  
1933  
2891  
2924  
681  
10499  
30966  
19085  
12837  
17458  
22976  
872  
7978  
15013  
12570  
29564  
31175  
645  
18844  
29650  
19569  
31675  
17817  
5950  
12608  
8277  
7671  
32227  
26460  
5163  
829  
501  
23730  
22466  
21742  
8643  
32747  
8816  
8982  
19188  
28318  
10177  
28194  
27408  
21444  
19482  
6388  
26947  
2669  
3228  
16695  
27998  
22706  
7755  
29168  
6175  
22251  
2160  
25686  
4274  
22306  
15932  
17124  
2935  
24775  
31661  
8876  
11782  
5284  
27062  
9966  
29809  
3348  
19866  
745  
31689  
3696  
18329  
19953  
21987  
7115  
25806  
24002  
19035  
17375  
2136  
6932  
10458  
14918  
28600  
1136  
4245  
4334  
22138  
21313  
20758  
9671  
32024  
30510  
18495  
6334  
5915  
23463  
24972  
24047  
25731  
11198  
6808  
16406  
31337  
2105  
12515  
26439  
32483  
25573  
23762  
14304  
23592  
31277  
15863  
7611  
12020  
5098  
23699  
6056  
29742  
3709  
25689  
5914  
14793  
22812  
31861  
2080  
22248  
23657  
24781  
5527  
28485  
73  
8327  
32159  
17875  
17395  
9675  
2635  
8866  
7239  
27338  
669  
20483  
3170  
32767  
10161  
29422  
11375  
18356  
4664  
17056  
4799  
2761  
1064  
25480  
21277  
19121  
690  
26980  
2139  
29885  
19573  
17576  
7217  
23197  
32753  
7967  
16712  
5156  
1598  
27604  
21393  
11851  
5629  
11827  
4827  
19321  
25232  
15468  
27557  
6401  
19334  
280  
16944  
15852  
8281  
31  
29657  
9978  
19548  
8921  
678  
21475  
32495  
3955  
7967  
2530  
9205  
3989  
1119  
3956  
16520  
19009  
23146  
21854  
2027  
21759  
4801  
12525  
15551  
24631  
29492  
2945  
12922  
734  
17144  
11085  
790  
26964  
19961  
31064  
19718  
27533  
12913  
26823  
3438  
20080  
11450  
25439  
27283  
13436  
21857  
24390  
657  
433  
1403  
521  
4684  
13998  
21820  
29923  
2216  
1815  
26821  
20029  
23037  
12089  
32574  
13425  
10181  
19697  
30757  
7635  
4248  
16329  
17125  
20978  
15451  
21605  
27819  
4123  
30900  
16158  
16501  
32543  
31168  
10732  
11628  
19030  
4873  
22921  
26483  
4068  
31922  
11731  
30208  
1083  
30965  
371  
9514  
28386  
28112  
11452  
3332  
25716  
18170  
12245  
9002  
25067  
13340  
18459  
2713  
11550  
5950  
29889  
5572  
7817  
14207  
11961  
12004  
14413  
3082  
22488  
6799  
11895  
13125  
9525  
18572  
17541  
27212  
2258  
9958  
9255  
6301  
24190  
11071  
4418  
17429  
24569  
1639  
7994  
283  
9306  
13869  
19313  
13083  
11950  
26997  
8459  
12598  
20450  
27275  
18933  
9015  
24547  
951  
12581  
10953  
4611  
4626  
6691  
11496  
26783  
14999  
20936  
20374  
3070  
30077  
23621  
32719  
2173  
25541  
17512  
5054  
14313  
8975  
28699  
23857  
23085  
5041  
7726  
16459  
8493  
17674  
29014  
8824  
13297  
31764  
11381  
17830  
27910  
2105  
1051  
25523  
22561  
23144  
10573  
7713  
13062  
4711  
29062  
5649  
30120  
30315  
16380  
16495  
9618  
2278  
5156  
19050  
30853  
12448  
24952  
8743  
2659  
9993  
5240  
30646  
10827  
8398  
26863  
19013  
774  
25770  
30071  
21907  
8866  
17535  
4159  
29608  
9564  
11429  
28940  
18116  
1988  
15745  
13438  
16277  
25627  
9050  
9365  
21420  
7936  
8297  
27251  
30770  
18252  
32047  
3428  
13527  
11578  
21260  
25371  
25356  
29899  
25868  
21823  
28018  
10088  
31492  
8230  
9106  
2249  
29406  
28384  
30158  
13079  
31793  
30839  
11671  
15949  
12821  
629  
30177  
30436  
1845  
27815  
18388  
26543  
14373  
10785  
4037  
15108  
14326  
19330  
7780  
14108  
19208  
32377  
14903  
22972  
17440  
9864  
25927  
22293  
6074  
29448  
11033  
32746  
14753  
5742  
2783  
21232  
30908  
716  
20976  
15738  
19755  
20379  
31350  
20309  
19603  
11447  
25190  
26097  
14517  
1707  
28342  
4802  
23622  
16431  
28362  
16614  
10746  
9455  
21551  
24072  
20963  
31118  
4747  
2692  
16633  
19691  
15316  
5324  
16122  
28323  
11457  
17418  
7796  
11991  
23934  
13831  
13087  
19247  
10916  
21579  
625  
11550  
10856  
9350  
25197  
23912  
25107  
30766  
31420  
20706  
28594  
16234  
23550  
29305  
31758  
815  
8546  
3702  
2270  
19112  
20596  
769  
28476  
28636  
27447  
23011  
8790  
10123  
26740  
12176  
2662  
16472  
1617  
2916  
3044  
23854  
11045  
3373  
3833  
11996  
18571  
5098  
6968  
28930  
29878  
16850  
23433  
11825  
11780  
408  
7781  
3918  
31957  
28910  
9801  
14903  
26525  
21576  
24164  
937  
27960  
30690  
18323  
30818  
31102  
8708  
12688  
386  
2072  
31365  
5223  
10295  
27026  
2958  
7721  
15513  
24240  
16288  
18659  
25555  
32262  
216  
3281  
20868  
6083  
23922  
720  
12389  
3022  
21901  
2834  
32299  
17940  
13869  
19477  
24239  
21792  
9606  
7638  
10828  
20204  
17528  
13634  
15240  
30710  
2390  
9197  
16375  
24727  
14315  
6  
4189  
27792  
6847  
18571  
21523  
30950  
24982  
22969  
29612  
5105  
18746  
1479  
7895  
31663  
28794  
9683  
27015  
22110  
32371  
14109  
17490  
22857  
32270  
22643  
21527  
20962  
4810  
15340  
27876  
17681  
27324  
24793  
13335  
6348  
4564  
10745  
11715  
31720  
2657  
9196  
14677  
46  
20183  
4074  
16759  
6834  
8400  
1717  
9012  
32352  
18770  
18380  
4189  
1240  
11856  
2274  
28972  
6524  
24947  
22926  
2344  
23238  
3098  
28484  
25416  
26080  
23711  
28036  
18779  
110  
22748  
32337  
19111  
5294  
14829  
20197  
5585  
13252  
13624  
17571  
10749  
4687  
22187  
32333  
9013  
13120  
20549  
30071  
9743  
13548  
25304  
21564  
11914  
29792  
17421  
21295  
17978  
31476  
9640  
13204  
26021  
27171  
16909  
10705  
1260  
22937  
4611  
19487  
8110  
23438  
4025  
22917  
12329  
6995  
11015  
27911  
26018  
18986  
21237  
28955  
6663  
20059  
14465  
26460  
19156  
26756  
11933  
22658  
6451  
17201  
19320  
146  
5479  
8364  
12030  
2898  
22890  
6935  
4770  
29952  
14037  
10935  
1627  
25411  
31745  
26259  
32492  
2658  
5228  
13118  
6505  
29364  
2142  
21489  
14327  
12888  
8140  
4572  
23507  
28453  
11388  
28094  
24726  
15588  
16234  
4020  
31927  
11197  
19819  
26958  
11089  
6896  
1808  
15848  
25382  
9158  
26573  
1336  
16101  
12486  
16474  
23587  
31400  
5419  
16474  
30677  
27329  
14486  
17211  
20240  
20406  
11009  
25693  
28100  
11146  
13556  
7798  
9953  
31806  
14331  
31285  
6249  
32664  
29527  
4133  
13769  
25635  
244  
25045  
19561  
2935  
7835  
20022  
13954  
16826  
5993  
9540  
12336  
3687  
24960  
7912  
712  
590  
17404  
14621  
31339  
9949  
6441  
16723  
23003  
29341  
243  
3344  
16526  
26367  
6045  
9693  
14081  
15193  
1206  
27744  
21839  
14636  
30281  
30406  
14338  
11688  
23637  
11876  
14121  
5234  
30844  
28829  
5035  
24484  
5631  
14086  
3802  
278  
32234  
2760  
8267  
6364  
31628  
18246  
15846  
27919  
1322  
28672  
27193  
3793  
23797  
7607  
32017  
20619  
15928  
18131  
23116  
29049  
27350  
26369  
2793  
8809  
11508  
18976  
27745  
18367  
8435  
32350  
27194  
7357  
23457  
12702  
30169  
7169  
16560  
32286  
12440  
20815  
7527  
27222  
31768  
30865  
23447  
8227  
25817  
3612  
24785  
7972  
6919  
13365  
28118  
28260  
28055  
4564  
4687  
4410  
31635  
3752  
2238  
17262  
4018  
4186  
3765  
16541  
23084  
7446  
3398  
6879  
31948  
1864  
9658  
25766  
7495  
1699  
30341  
12778  
29132  
25192  
11386  
13443  
31708  
4325  
13372  
30678  
25948  
28732  
8181  
32691  
13289  
31845  
5450  
20094  
18027  
9846  
22414  
5773  
20717  
12578  
16949  
6866  
19116  
13952  
18316  
698  
621  
15118  
18344  
9556  
19732  
29174  
21404  
4022  
627  
5776  
12528  
19101  
15456  
32551  
12622  
9043  
3082  
19712  
12925  
31702  
6541  
23960  
23188  
26166  
25027  
24878  
25703  
3903  
1629  
14977  
4166  
15448  
25651  
3035  
3303  
24747  
25561  
5454  
27808  
3462  
14451  
18494  
31449  
16897  
202  
13344  
1474  
24034  
32415  
12416  
28737  
15293  
22591  
26697  
8239  
13920  
6231  
10817  
7363  
7534  
24586  
8915  
29006  
23881  
32577  
25361  
10281  
24117  
26434  
22777  
29164  
24251  
11141  
7415  
19681  
19788  
1218  
14508  
16569  
25895  
2639  
19182  
637  
4733  
5545  
11536  
5319  
25042  
1105  
32099  
14385  
32422  
19417  
13052  
16398  
1365  
5182  
7864  
8024  
11324  
19576  
32126  
16874  
2077  
27984  
32708  
1519  
28612  
24178  
27221  
27035  
17131  
12739  
13393  
16665  
6236  
10484  
18037  
2244  
5973  
14680  
16284  
10137  
48  
498  
25222  
13804  
10307  
26579  
4313  
7259  
27910  
19619  
30565  
7937  
25203  
4989  
20396  
10476  
16563  
26624  
23202  
27600  
21750  
31650  
30897  
10236  
31139  
11592  
768  
12430  
22961  
20244  
18933  
32739  
852  
32382  
23801  
28754  
3549  
17063  
32635  
27930  
22235  
25833  
28471  
12184  
6791  
14259  
24504  
23742  
27487  
16276  
20251  
5824  
19728  
29333  
6167  
22288  
30361  
460  
25914  
9357  
32686  
24878  
26997  
31224  
32090  
421  
475  
28839  
20969  
29027  
9382  
893  
13317  
22133  
16763  
32281  
12575  
30619  
30447  
27726  
12049  
18263  
16713  
7635  
12545  
9540  
1673  
4668  
25480  
18857  
9130  
24873  
13331  
3918  
24357  
29374  
30602  
3982  
25782  
7251  
25648  
17582  
11874  
30060  
25291  
9837  
32441  
30955  
31492  
29916  
20569  
18052  
24336  
9584  
24243  
6258  
23184  
9814  
11282  
16744  
10422  
27654  
10457  
18123  
30122  
32027  
24587  
27422  
3884  
28770  
19729  
15550  
2170  
4401  
16056  
31951  
21876  
7674  
27514  
29302  
8446  
21791  
6910  
32328  
25254  
17416  
2274  
515  
30599  
3188  
25783  
28796  
17004  
5132  
4941  
6617  
5945  
21054  
5425  
2048  
30087  
12360  
13941  
32592  
22159  
12179  
27567  
30606  
4681  
19011  
68  
8482  
8149  
16908  
31207  
19075  
13593  
20807  
21852  
14832  
2476  
29253  
130  
20321  
16626  
12515  
13712  
701  
16265  
14942  
7071  
4685  
28644  
8041  
20585  
30065  
14902  
31869  
16208  
26513  
13202  
31857  
27042  
8023  
18512  
26954  
1051  
1563  
26034  
16212  
3499  
927  
26312  
30322  
17274  
12797  
18576  
30130  
5674  
3549  
26978  
25892  
1116  
30443  
22411  
20973  
32373  
5257  
29497  
22679  
14242  
29376  
26519  
18859  
2073  
27517  
16184  
31874  
17570  
12282  
6073  
17496  
12118  
1658  
14498  
15266  
26023  
4153  
4494  
22945  
28577  
11171  
25484  
1592  
21616  
18116  
6596  
8187  
22561  
13824  
5470  
10376  
18093  
25348  
28831  
2842  
28723  
26620  
32085  
12635  
14981  
27398  
630  
23162  
27622  
19943  
32004  
26750  
4882  
1534  
26675  
6106  
12415  
12406  
20686  
21825  
1251  
14015  
14295  
9659  
10486  
5950  
2158  
21753  
21113  
9795  
9459  
24037  
27255  
23356  
20335  
16766  
22731  
32297  
28976  
16355  
10466  
18768  
1460  
10157  
27586  
21298  
11465  
12162  
31563  
21693  
10225  
3560  
701  
8131  
18187  
17238  
28795  
22955  
2096  
19089  
13583  
20071  
28380  
9014  
29549  
28582  
22094  
27282  
1660  
21578  
17201  
30394  
32722  
19484  
30843  
10200  
959  
23486  
21398  
25540  
9870  
13538  
13246  
28628  
12039  
32442  
28842  
7412  
25145  
687  
9326  
31225  
15478  
4438  
19616  
50  
15262  
13216  
1721  
28224  
7841  
31825  
27583  
17704  
15935  
3507  
20257  
7079  
25362  
10123  
25827  
15302  
15567  
20812  
4858  
16045  
24265  
29835  
29178  
6844  
26038  
31667  
16622  
22488  
10934  
18682  
20615  
24067  
10129  
6547  
10618  
4656  
28736  
10533  
29219  
13653  
26032  
10621  
22382  
14785  
1474  
25216  
31991  
688  
31894  
3683  
14448  
16925  
23305  
17950  
7236  
26839  
5756  
4637  
5497  
23767  
13784  
29497  
8411  
27089  
20430  
30696  
23383  
8201  
15972  
12720  
29093  
5480  
11181  
7906  
13098  
15567  
23511  
23684  
19484  
18347  
22636  
13455  
27367  
17866  
24785  
23643  
21711  
30573  
17427  
30551  
11735  
1438  
2018  
12797  
30690  
5315  
222  
2309  
3353  
25972  
16402  
4313  
6540  
30602  
31166  
20810  
22556  
25464  
18778  
2433  
5784  
24031  
30423  
28728  
17702  
6492  
8488  
17450  
5349  
31397  
29185  
16583  
27088  
21204  
16095  
19245  
9190  
5122  
15176  
27476  
904  
13336  
8276  
25992  
11554  
12770  
28012  
2077  
4109  
28773  
9810  
350  
13492  
23667  
12897  
20934  
13814  
4220  
16663  
11891  
27084  
27303  
22480  
26583  
32044  
18721  
27860  
10417  
1837  
24757  
13204  
8507  
22379  
24990  
32305  
29349  
941  
24217  
22590  
28355  
30917  
10814  
16071  
3  
4792  
7823  
6546  
19873  
31  
722  
22948  
28702  
29901  
924  
24839  
18926  
28594  
28975  
6091  
22641  
6143  
14341  
21067  
4388  
30091  
18349  
27826  
7961  
2166  
23510  
16317  
5284  
1036  
23466  
21186  
25944  
12524  
17245  
28401  
15409  
14953  
19461  
30682  
531  
27440  
17836  
11567  
10355  
7467  
22435  
14795  
3156  
24742  
6938  
13300  
1398  
7857  
17390  
29405  
30154  
15045  
19394  
23919  
27944  
30634  
21329  
5705  
13636  
9111  
11778  
10502  
23007  
20380  
19390  
7358  
314  
5693  
29950  
4047  
10448  
13664  
3368  
16605  
6724  
32617  
20251  
10519  
11417  
26531  
14344  
3004  
9633  
11746  
5253  
7902  
20408  
28006  
25564  
12647  
6066  
4867  
1449  
29273  
18193  
32383  
26020  
15706  
11899  
21308  
6587  
4207  
21612  
15382  
9828  
3848  
31785  
9871  
23857  
13885  
6389  
14634  
2468  
9815  
390  
2324  
24646  
9618  
30650  
21257  
25587  
16417  
22663  
15222  
13688  
10611  
2096  
23003  
352  
17077  
28351  
4980  
10  
27288  
6319  
2328  
15359  
31316  
20457  
7265  
4739  
5101  
16626  
20493  
8810  
9652  
98  
1956  
7469  
18194  
1176  
27227  
11837  
21121  
26540  
27961  
27799  
24795  
1445  
18552  
2713  
2519  
19180  
23598  
14356  
3536  
18177  
18477  
27298  
19657  
22381  
15143  
58  
11951  
32504  
15638  
28673  
24797  
15643  
30938  
32099  
3302  
31160  
18724  
8547  
27790  
22793  
3220  
7727  
24345  
3031  
1310  
28920  
25545  
28652  
18098  
5632  
7586  
5322  
31004  
21237  
17520  
30877  
28969  
31613  
9995  
4463  
25867  
25618  
8922  
30363  
16382  
30480  
13462  
16004  
22828  
8204  
1616  
25734  
4558  
360  
7862  
19245  
7829  
10276  
5522  
11941  
72  
12791  
29075  
7026  
28590  
6559  
4944  
15713  
16558  
7541  
20874  
6847  
181  
29764  
10929  
4040  
21592  
17499  
12202  
7778  
22587  
4321  
3024  
26124  
2353  
4457  
20025  
22545  
30628  
10182  
22586  
31745  
19000  
26657  
5421  
22625  
21419  
26441  
24433  
21410  
16384  
17225  
14003  
8528  
7388  
6720  
11116  
3980  
16688  
25453  
9131  
18620  
22552  
24202  
23829  
23937  
4867  
3419  
20522  
10986  
18197  
27526  
22730  
28903  
31177  
22693  
18423  
11520  
8411  
26778  
17116  
3398  
6501  
3618  
4878  
3978  
6728  
21422  
19475  
8398  
9677  
5742  
27169  
20729  
16012  
30638  
20007  
28367  
25485  
30821  
15122  
8223  
6062  
29451  
14409  
19006  
30788  
26540  
32121  
24245  
9989  
20027  
19352  
24631  
2854  
25384  
22308  
13270  
11712  
8756  
10156  
4726  
13688  
25477  
4242  
11905  
17759  
20213  
9999  
25052  
17175  
6576  
22903  
30746  
18488  
16894  
3007  
26864  
17137  
15709  
23868  
5865  
2547  
19667  
31661  
26203  
26506  
27522  
10108  
16538  
24589  
2941  
19777  
22379  
14201  
5338  
22664  
15548  
31321  
23305  
9172  
8850  
3561  
31844  
10724  
22338  
2938  
24582  
23604  
20964  
27416  
17889  
17095  
25349  
16747  
7435  
18724  
23964  
5339  
5209  
23711  
19519  
3575  
6447  
16345  
1687  
1816  
14486  
14218  
15122  
16193  
5775  
29822  
16599  
13386  
28584  
24286  
17919  
26686  
22732  
9905  
11778  
5633  
12639  
15778  
13423  
6454  
31627  
7684  
10209  
3423  
3796  
787  
20782  
26694  
22771  
30333  
23265  
5021  
8417  
22305  
19691  
18913  
50  
15638  
28821  
14980  
1700  
24303  
12473  
14666  
15352  
23613  
18994  
31988  
29696  
4438  
24721  
12572  
10490  
22613  
19217  
24416  
20508  
23394  
11726  
29634  
23664  
23604  
13105  
24655  
25570  
5331  
31151  
9215  
6808  
5539  
2483  
14557  
6273  
17566  
26584  
11623  
7473  
25057  
5980  
27960  
17900  
13674  
8402  
31972  
27136  
18976  
28950  
11556  
4440  
23059  
9350  
2355  
14671  
20486  
4719  
1143  
23490  
555  
11462  
11108  
27753  
2605  
2073  
23454  
16487  
24179  
8132  
18269  
5151  
4260  
10856  
18454  
9034  
21862  
4761  
17496  
1862  
14700  
26583  
11508  
20401  
10159  
23488  
21856  
2359  
9467  
8067  
11101  
9896  
25774  
13720  
4568  
78  
6845  
2991  
25358  
23933  
12023  
28902  
24052  
15467  
13710  
15422  
726  
19522  
20691  
14160  
9022  
19828  
24641  
8508  
10519  
19535  
8381  
24035  
22802  
27089  
8732  
9558  
5193  
9917  
13798  
18317  
23843  
25838  
15193  
22621  
9079  
4844  
27825  
22436  
7156  
13757  
4519  
10695  
9920  
17662  
15160  
29790  
2399  
3378  
27815  
13101  
32727  
3161  
21957  
6487  
26897  
31941  
624  
4814  
4739  
553  
9050  
31246  
26380  
11507  
21516  
22027  
1311  
18395  
554  
13415  
36  
9148  
23032  
29673  
20763  
21923  
23581  
4907  
14979  
6950  
167  
22418  
9082  
22776  
2896  
24707  
11813  
26554  
29951  
31444  
3410  
8979  
3730  
18561  
23900  
28418  
16603  
4257  
1103  
10099  
3560  
19352  
23885  
11793  
14216  
16269  
13105  
2652  
12042  
16671  
20081  
20475  
12872  
27731  
6729  
16211  
14821  
27089  
9494  
21592  
7378  
5201  
0  
14243  
3351  
4688  
16859  
17862  
20944  
14343  
12623  
8412  
25205  
17821  
23095  
100  
18271  
21916  
4680  
13135  
25480  
4002  
12531  
2135  
2963  
29529  
32396  
4243  
3596  
20392  
7851  
28744  
4336  
14891  
31187  
12803  
26736  
6881  
27217  
20452  
19186  
8229  
12391  
26429  
1625  
12000  
29098  
19036  
6790  
8956  
18345  
25764  
23838  
29724  
8655  
9443  
2702  
4746  
32395  
25055  
26701  
4208  
16301  
27954  
23649  
27468  
7700  
18520  
7717  
2462  
134  
12295  
25673  
16611  
14815  
29118  
13338  
30663  
29294  
16289  
13828  
14487  
16540  
30340  
13141  
18421  
13518  
2630  
8515  
5071  
23693  
3168  
23857  
3730  
229  
189  
32302  
19098  
9226  
29901  
24511  
27118  
578  
3285  
18910  
13866  
6654  
31625  
23106  
29884  
32586  
6108  
4833  
19283  
32360  
1303  
12724  
18581  
20920  
8488  
13754  
25873  
28380  
11581  
13631  
4212  
12056  
25746  
26974  
7935  
22271  
30087  
4805  
11064  
16716  
4342  
7096  
16352  
12558  
963  
7001  
24102  
3848  
3765  
7718  
13338  
5719  
28804  
22467  
5988  
13397  
22067  
8698  
6198  
8126  
9631  
27904  
16511  
27409  
22105  
1273  
21346  
5689  
19633  
20671  
8422  
25453  
27411  
28127  
16879  
29525  
19863  
19941  
20589  
27758  
25555  
14554  
28627  
12719  
23796  
22794  
14795  
27757  
6669  
13323  
25383  
28028  
6830  
13562  
11547  
10647  
6073  
11272  
30378  
21761  
16497  
26421  
607  
25197  
19924  
18524  
17469  
26908  
24619  
31856  
19448  
13893  
23263  
14341  
8038  
3513  
12942  
7442  
6448  
24007  
24926  
11765  
8141  
27229  
30097  
29111  
18609  
13169  
28250  
11666  
15297  
6815  
23279  
22448  
27403  
3092  
28640  
10038  
29364  
11946  
1703  
25985  
13617  
24404  
15232  
25775  
1978  
31677  
7547  
16226  
764  
16428  
9423  
17856  
19471  
15531  
25457  
15295  
27047  
9576  
9189  
19615  
31118  
603  
27221  
22456  
23122  
553  
3040  
31349  
7483  
29769  
20532  
31649  
21631  
11877  
20831  
31713  
4537  
24835  
3554  
3970  
10392  
8036  
24839  
9589  
2516  
7852  
21877  
24472  
19047  
28740  
1538  
16440  
11001  
15229  
200  
20691  
13212  
14966  
24699  
9762  
14265  
32319  
4090  
25942  
22090  
15934  
27683  
11939  
19018  
14034  
14316  
4347  
8042  
23351  
5807  
27420  
7942  
24234  
198  
24012  
2391  
22733  
26200  
13155  
28394  
2380  
29810  
24715  
15953  
32449  
12378  
580  
23064  
9429  
23840  
32043  
19195  
32168  
24437  
8699  
25173  
2676  
5056  
31572  
24796  
10093  
19055  
10427  
30092  
24299  
24203  
27363  
10465  
30666  
6800  
17706  
2121  
17169  
24443  
22631  
9689  
27859  
16932  
23267  
16447  
21587  
4814  
20901  
9976  
12139  
765  
28403  
11971  
32047  
23944  
14869  
19029  
3021  
1262  
25692  
6990  
5560  
11245  
28515  
3948  
14853  
31825  
2197  
24062  
21525  
8203  
15855  
31132  
30324  
24706  
28679  
18966  
3329  
20526  
9550  
17066  
27215  
12898  
8850  
10362  
17484  
5481  
27847  
7485  
25632  
21205  
6150  
16948  
3416  
27156  
2006  
1887  
24644  
26948  
1195  
31474  
15261  
22600  
19116  
11523  
24939  
23068  
30137  
31621  
25382  
30821  
28333  
23161  
6428  
19789  
15840  
27747  
10514  
32653  
26353  
32507  
24622  
17611  
12738  
16422  
25621  
24103  
1219  
16164  
32592  
17169  
13428  
3595  
3316  
28253  
27685  
6004  
18306  
409  
5120  
31860  
32524  
12958  
22602  
3790  
31385  
14181  
13798  
15206  
2251  
9244  
12315  
30969  
959  
28537  
5015  
3852  
19509  
4431  
27315  
18722  
32753  
28511  
1784  
27186  
28513  
3184  
17378  
29784  
5759  
11682  
26341  
6347  
7417  
27135  
16558  
25615  
8591  
22611  
29611  
31340  
21693  
20285  
973  
30878  
9883  
27527  
5005  
19662  
3073  
20659  
29229  
7105  
7918  
22486  
24384  
1616  
7723  
8362  
10092  
25368  
4139  
14558  
32367  
16498  
3382  
19888  
14944  
17062  
29895  
7102  
21559  
12891  
4658  
4377  
20880  
20306  
29833  
21916  
31660  
15188  
32193  
11644  
1977  
4457  
27921  
27167  
5203  
32075  
26779  
23858  
8266  
26394  
19022  
502  
24230  
1873  
13323  
20698  
3048  
30457  
12038  
29007  
10387  
4125  
23152  
15832  
15595  
12925  
27987  
20064  
2557  
16518  
4029  
31953  
19423  
26754  
20256  
6114  
28985  
3597  
12793  
14385  
27652  
26568  
11952  
27537  
32658  
9553  
2495  
10917  
12239  
12658  
24343  
19630  
13766  
25752  
23231  
28065  
7527  
15239  
25791  
31357  
28807  
26189  
17468  
22491  
4904  
17268  
32228  
22214  
13563  
7036  
29069  
27598  
31779  
12425  
31512  
23640  
19772  
30296  
6812  
22072  
21660  
1655  
26561  
9602  
13528  
9398  
21609  
31900  
32394  
26585  
662  
664  
21842  
23183  
12680  
7105  
26139  
10408  
1573  
8308  
4768  
11394  
12958  
30258  
30254  
28868  
16720  
16114  
10155  
31311  
1768  
4796  
23767  
28274  
32715  
30579  
21202  
26973  
7349  
2803  
8159  
6361  
17055  
4956  
21095  
28470  
487  
27052  
321  
644  
18603  
29332  
12592  
27654  
5237  
6532  
13229  
15331  
26398  
521  
25319  
21791  
748  
25432  
24329  
17866  
12798  
16939  
12475  
28535  
7402  
31947  
29931  
5104  
29860  
23918  
30157  
6696  
29602  
9924  
21792  
8049  
31293  
20173  
11188  
10479  
19035  
23533  
16937  
2381  
9803  
6210  
18169  
20142  
22256  
3893  
9657  
19687  
23842  
2383  
25499  
6123  
21073  
31311  
9528  
646  
15467  
5497  
16780  
30031  
22784  
31792  
1602  
12760  
9125  
15047  
4402  
22055  
7062  
1941  
25385  
13418  
3231  
30791  
4072  
21222  
24380  
8570  
12143  
10289  
13311  
21642  
29819  
26529  
20018  
28580  
3149  
29188  
4542  
29731  
11181  
16017  
6219  
22297  
27951  
20511  
8617  
16427  
25781  
2709  
25454  
10915  
3125  
31906  
31713  
7360  
28092  
29102  
3095  
26960  
11955  
24592  
15708  
12161  
24674  
1921  
13781  
3317  
14770  
21456  
16483  
13844  
7735  
22488  
11209  
26790  
5741  
29872  
9490  
27809  
7490  
289  
4397  
5951  
26325  
1373  
10715  
1108  
1150  
24301  
25035  
31199  
2574  
24812  
21506  
10719  
6232  
17523  
17025  
18024  
28912  
32084  
26658  
7157  
30514  
18187  
8644  
9728  
17030  
32241  
12967  
20944  
9699  
6323  
10265  
25491  
20626  
22019  
8275  
12716  
27701  
29325  
30878  
10830  
23559  
31533  
9914  
22346  
357  
3935  
16767  
21541  
10638  
10231  
31941  
27246  
2215  
13842  
7298  
18510  
26114  
11852  
9010  
1377  
23967  
21555  
16252  
27076  
23283  
23036  
15634  
11120  
12521  
10357  
31961  
5574  
29479  
25403  
14410  
20330  
29842  
32045  
5144  
12885  
3860  
28960  
17938  
27174  
6301  
29397  
21068  
19641  
10599  
11304  
9081  
8443  
6015  
23177  
668  
18429  
19329  
24752  
12768  
31815  
21154  
8333  
11971  
7022  
20980  
12670  
24442  
11753  
16102  
18117  
12177  
8480  
266  
23097  
24531  
26566  
24860  
28475  
3433  
29801  
26943  
492  
13382  
16967  
6793  
30366  
12482  
24676  
7106  
7560  
1156  
13017  
17769  
7869  
25254  
24175  
12024  
25183  
18196  
4716  
8554  
18703  
7477  
9389  
4857  
18601  
14798  
13301  
4140  
16686  
11299  
17541  
13841  
7682  
10847  
2797  
8647  
5976  
7477  
22817  
31040  
10218  
3784  
25039  
28997  
2797  
200  
17904  
29883  
22084  
28126  
8350  
20772  
1268  
31307  
1317  
3177  
1496  
6092  
9052  
18390  
8854  
8384  
1590  
21606  
21201  
11916  
8340  
23617  
20384  
12095  
7261  
17795  
31551  
32370  
8145  
12863  
28933  
1395  
32026  
16836  
20886  
9890  
36  
30494  
8026  
30746  
20143  
26848  
16174  
4500  
3747  
7713  
29017  
29065  
18083  
15557  
22209  
15767  
11492  
27902  
22111  
25126  
22592  
5649  
30448  
21835  
1926  
22622  
237  
237  
29461  
26779  
31934  
6182  
23721  
12384  
24875  
23531  
20852  
22504  
1555  
4848  
21105  
7446  
12128  
14534  
22261  
7094  
17466  
10310  
23943  
27398  
1659  
17715  
32497  
13428  
24163  
26907  
14231  
10154  
3726  
6014  
23304  
28616  
25634  
15667  
26067  
3568  
14157  
32518  
8604  
15624  
20463  
23462  
20334  
17083  
659  
9407  
19539  
20929  
6564  
4963  
25634  
24929  
24286  
31662  
18073  
7732  
22786  
25514  
21163  
22571  
4558  
368  
11291  
4563  
30764  
25744  
20298  
5336  
12970  
20147  
5966  
12233  
30250  
32639  
27203  
282  
13530  
30651  
32742  
29551  
14695  
30644  
30304  
20248  
622  
15583  
10591  
1239  
29236  
17087  
32619  
5610  
9878  
2825  
8568  
15685  
3395  
12551  
20663  
15904  
2088  
19514  
20146  
31665  
13868  
26179  
2968  
15931  
13342  
2052  
3797  
18759  
27115  
8706  
19942  
10033  
14357  
21517  
25964  
19943  
6496  
22564  
26751  
238  
3279  
5267  
14916  
5286  
23502  
6494  
9666  
30414  
4273  
3298  
10225  
8266  
12637  
19386  
8212  
21540  
4677  
16352  
23113  
20434  
21913  
13076  
10335  
20663  
27321  
8322  
31975  
4844  
8688  
18847  
15502  
11583  
10335  
4692  
14762  
28284  
55  
26718  
3602  
8172  
18732  
14837  
18227  
20764  
27942  
16299  
6240  
4319  
1337  
7576  
1898  
14230  
2775  
8116  
18289  
9903  
10564  
5508  
13817  
8556  
17227  
4345  
11840  
8934  
304  
3221  
9936  
21841  
31461  
15567  
19792  
3713  
21120  
4281  
5279  
30125  
21229  
9696  
26916  
13940  
26336  
13171  
32607  
25885  
31758  
12456  
28868  
30755  
9885  
14940  
6858  
31473  
6361  
31738  
29759  
24042  
17192  
8093  
19678  
1964  
12352  
2425  
11043  
2966  
29079  
25207  
15454  
10632  
12315  
13855  
2823  
31465  
13604  
10171  
28497  
28911  
32679  
697  
28161  
2074  
14764  
10834  
31105  
21762  
8706  
11369  
18736  
20051  
15921  
31670  
15101  
30742  
26800  
5411  
29492  
21554  
3928  
5238  
11927  
15410  
13849  
31793  
31409  
2120  
4588  
13494  
18535  
10130  
20488  
1711  
3280  
3485  
23897  
5293  
25671  
6440  
16942  
6159  
27582  
22570  
26162  
25894  
17493  
19734  
20637  
31383  
29995  
6493  
14507  
8192  
8051  
12596  
31310  
22494  
14539  
31897  
17183  
10414  
16330  
2448  
2971  
338  
7896  
13235  
12428  
15543  
12611  
25833  
16581  
2229  
7823  
21366  
21266  
13366  
13  
24884  
30831  
10395  
1199  
31  
7800  
4699  
1818  
16407  
30241  
31981  
18941  
27106  
12967  
26089  
20129  
19313  
13511  
2922  
31170  
6500  
30253  
31158  
31390  
2512  
18735  
7201  
10315  
3135  
16571  
21806  
18765  
17144  
21646  
25080  
31080  
8577  
5543  
3280  
8627  
21603  
1788  
29480  
14062  
22061  
28267  
25264  
12821  
21947  
12787  
4542  
30517  
20920  
5412  
14067  
7807  
3426  
27348  
17436  
21403  
17037  
3860  
18518  
16191  
13547  
15715  
15734  
12031  
2698  
5921  
17575  
28519  
3486  
28230  
5717  
3143  
15233  
10323  
10570  
27470  
17656  
19849  
21783  
29914  
25528  
6233  
29622  
16143  
10537  
6429  
18029  
28455  
10857  
16901  
8693  
17672  
11668  
28500  
9692  
1308  
15427  
16332  
808  
13405  
16210  
20838  
5693  
23215  
2023  
13895  
22529  
16243  
27055  
13808  
27197  
21593  
19051  
11957  
17223  
17013  
19116  
11120  
15582  
19862  
27610  
374  
2645  
467  
22395  
2762  
23028  
24422  
11186  
20625  
9627  
30910  
28934  
14790  
30376  
14031  
7525  
4655  
8475  
14253  
18537  
32144  
14840  
31577  
29914  
11038  
19693  
21210  
4979  
23862  
5429  
17808  
8937  
6479  
15804  
24774  
4393  
5166  
27780  
9606  
16865  
11865  
7495  
2225  
24131  
5325  
3934  
14671  
20998  
23027  
19169  
8483  
6573  
6865  
272  
21378  
17931  
1149  
19441  
24166  
22791  
19928  
4411  
12735  
24477  
31096  
3187  
4361  
27941  
29670  
17493  
17187  
23512  
25098  
28533  
29791  
30352  
13283  
3110  
32470  
28623  
20348  
12187  
3326  
18947  
26651  
20556  
19070  
5384  
21947  
3995  
5952  
9455  
188  
18104  
28872  
9726  
13786  
23234  
1477  
12791  
30300  
7215  
10214  
19102  
6285  
13677  
4079  
23925  
19568  
27849  
10252  
13514  
22704  
15761  
20581  
31219  
9174  
3189  
20978  
11481  
23998  
31539  
29585  
13491  
23884  
8052  
25942  
28180  
1627  
8432  
30242  
23080  
19446  
729  
18295  
21306  
8907  
7287  
29578  
27258  
30684  
1296  
22938  
21246  
32632  
30474  
1153  
32262  
28778  
28243  
24457  
19588  
32624  
1537  
11648  
31196  
12015  
22838  
30223  
9192  
18148  
27463  
23879  
5183  
2334  
23325  
6525  
11959  
30123  
26075  
31576  
10536  
13200  
31936  
15400  
28787  
29117  
29264  
1657  
24259  
21567  
686  
27881  
10003  
16824  
15181  
17206  
6641  
9484  
1479  
3483  
10113  
30558  
23053  
31325  
17092  
9787  
23489  
6561  
2586  
10772  
26336  
18304  
22790  
24818  
20388  
31837  
10034  
357  
22953  
30582  
22707  
14781  
10830  
30650  
25485  
20349  
14942  
30427  
28282  
21261  
2800  
6819  
19687  
15279  
8587  
20619  
31808  
32692  
3982  
18314  
1645  
31984  
2255  
15403  
28061  
17771  
19843  
19170  
1346  
9305  
27486  
15520  
23644  
28493  
6651  
421  
7419  
30633  
13949  
20118  
1279  
12377  
8823  
4047  
23587  
23489  
2569  
9978  
2874  
22003  
21836  
9952  
14520  
20262  
18672  
384  
3699  
2660  
6692  
23646  
3243  
29826  
31158  
32542  
3656  
10069  
23164  
4177  
25188  
11555  
30450  
5263  
7945  
6232  
23076  
25542  
4412  
17274  
28623  
2257  
28218  
19807  
24515  
16205  
10753  
9630  
14475  
936  
5906  
15683  
11600  
27002  
13174  
12231  
27387  
11289  
18175  
30783  
18586  
11624  
14032  
1747  
22277  
22255  
12831  
19058  
5057  
4401  
7226  
708  
17188  
17721  
22472  
28256  
13754  
7287  
22354  
10560  
31976  
29386  
5890  
20337  
21199  
11998  
25514  
14351  
14707  
29880  
4871  
23665  
5405  
26255  
4424  
16289  
17918  
26590  
26570  
27151  
1300  
5815  
8486  
19846  
2130  
28506  
11885  
9566  
12795  
19974  
12722  
9972  
20303  
17167  
20937  
5719  
10857  
27953  
31567  
4932  
29544  
20004  
13034  
12885  
17613  
19824  
23762  
13941  
18212  
23939  
7569  
32407  
14311  
30465  
14343  
31656  
22431  
24155  
3248  
17089  
844  
26531  
7722  
4002  
32007  
11423  
16113  
19292  
10214  
26908  
19566  
27469  
15136  
29060  
6960  
15441  
12401  
30643  
30841  
28215  
29120  
4615  
25852  
29554  
2560  
14518  
27877  
2321  
23892  
11621  
16666  
31474  
11382  
246  
30144  
30770  
26457  
11169  
2562  
3047  
4877  
27462  
7437  
3602  
18148  
23553  
29791  
8399  
1235  
32512  
14146  
3535  
28954  
9105  
915  
6152  
11559  
26239  
16328  
5547  
22968  
15263  
20018  
26199  
1089  
13734  
1406  
6540  
909  
61  
4738  
22882  
1959  
16472  
10039  
28027  
24827  
20163  
6913  
27190  
17081  
253  
24631  
24613  
1146  
29770  
29407  
8130  
10022  
3844  
9401  
25949  
8469  
11314  
27264  
345  
13684  
9564  
3692  
20632  
23275  
11933  
27643  
6452  
30076  
14585  
6385  
8048  
26543  
20209  
8093  
1774  
16108  
8021  
11871  
21538  
32552  
10842  
24679  
8710  
20932  
17644  
959  
24591  
7089  
26181  
140  
11360  
16089  
29631  
17809  
7743  
2746  
32486  
24052  
5317  
8276  
10706  
5189  
24025  
19782  
9652  
18108  
18783  
8756  
32686  
20674  
31916  
18539  
12264  
11699  
6717  
23240  
7904  
14563  
4521  
17878  
5377  
11999  
11221  
29494  
18552  
21493  
10087  
17476  
32067  
25590  
31101  
8183  
27530  
12090  
1694  
6153  
24627  
2277  
26609  
26968  
19377  
27241  
4268  
23437  
13084  
28748  
26576  
17403  
14215  
5164  
10772  
12234  
10126  
18432  
10270  
31060  
20270  
22176  
13561  
19663  
31194  
11656  
22724  
24621  
23242  
29656  
7079  
25152  
20375  
4768  
32012  
25890  
12549  
4699  
27403  
18388  
9759  
29113  
20005  
25381  
11658  
22946  
32054  
32213  
20755  
21111  
11685  
19451  
14218  
24219  
13278  
32164  
2259  
7730  
10242  
8381  
22586  
24616  
17116  
23091  
2311  
17525  
1816  
14936  
24914  
21408  
2735  
12425  
16153  
12162  
29862  
25102  
9104  
16717  
760  
26689  
2232  
2253  
11473  
14834  
13619  
28909  
13564  
17419  
599  
19836  
16543  
30064  
18561  
26161  
17958  
16937  
26028  
13037  
26749  
25027  
4674  
11585  
4738  
19699  
30769  
23344  
26298  
15997  
16450  
30518  
22338  
15188  
2471  
22921  
31241  
26115  
32722  
1694  
27965  
8523  
654  
1775  
24579  
17934  
5192  
27644  
4971  
28780  
685  
9871  
26531  
10283  
32123  
4677  
18795  
26716  
3984  
23114  
5064  
19003  
11848  
7012  
14845  
22360  
21253  
26419  
19895  
18164  
21263  
3255  
13704  
10926  
27039  
18962  
10134  
20063  
10294  
19343  
15509  
20290  
16691  
7140  
12018  
11864  
24741  
27060  
6737  
25098  
1886  
18008  
20282  
11025  
7241  
16863  
3855  
12435  
10237  
2131  
17474  
10126  
28305  
25662  
2756  
2426  
23474  
19053  
7361  
7722  
29940  
21236  
30602  
23796  
18022  
17267  
19667  
26897  
32105  
3735  
5150  
11590  
9666  
27875  
20599  
23236  
15597  
29360  
24162  
20302  
4020  
18290  
24082  
9881  
5633  
25150  
3547  
31480  
16625  
28553  
10474  
6457  
28457  
17459  
7732  
11209  
31597  
452  
13228  
8479  
6511  
20469  
27065  
20824  
29924  
20338  
13031  
10015  
18141  
10718  
21469  
20432  
21845  
25367  
32655  
14045  
4358  
20412  
948  
20592  
17794  
21741  
6523  
30546  
3966  
21842  
11897  
25099  
3441  
28511  
14822  
29515  
32350  
28886  
29194  
27016  
17133  
9101  
30194  
12777  
29889  
22385  
16231  
25187  
2054  
19915  
28961  
7970  
11081  
27074  
21815  
28458  
22925  
18977  
8154  
17470  
21147  
12379  
19011  
14848  
28057  
22733  
6634  
20571  
31198  
10306  
10233  
9502  
8709  
21180  
32000  
28905  
1344  
24434  
5354  
19277  
31471  
11797  
24368  
31279  
13426  
24919  
3916  
20589  
12603  
21166  
20849  
24517  
14631  
29525  
14201  
498  
20750  
16021  
29215  
32023  
23961  
8514  
10862  
18273  
26707  
31368  
3961  
11752  
15107  
6632  
27725  
25303  
17722  
24189  
23076  
14029  
40  
23428  
25307  
387  
17587  
9755  
10150  
32174  
18379  
12361  
24579  
7207  
12535  
21823  
17644  
4681  
32564  
31453  
15441  
10138  
12288  
27768  
22725  
1710  
23730  
21211  
376  
5449  
16908  
28043  
22117  
6084  
26131  
29008  
9420  
9138  
20510  
12272  
32739  
9667  
1838  
27966  
20937  
32488  
19069  
1363  
30907  
31927  
14426  
18460  
17546  
12562  
22323  
11797  
26700  
27907  
13556  
19027  
13394  
25323  
4240  
7624  
11355  
13276  
16860  
12227  
19975  
27715  
21412  
4022  
7055  
13258  
1017  
9276  
16050  
13436  
7880  
27482  
22515  
32042  
26289  
4101  
19969  
25358  
21  
30949  
12663  
9903  
4721  
13401  
2245  
24580  
5099  
26043  
6254  
30172  
29483  
6117  
31605  
9342  
4972  
6388  
8209  
22412  
20179  
17228  
31912  
23341  
29439  
22492  
4347  
10346  
27617  
19875  
1951  
20697  
4302  
14962  
2988  
19833  
18386  
14580  
9913  
13534  
29512  
28653  
15111  
7310  
23975  
7871  
28156  
10666  
6047  
21298  
5843  
5329  
31845  
11380  
1427  
9537  
20555  
20319  
13885  
26431  
11667  
28667  
17482  
8634  
13189  
5188  
12884  
20267  
11199  
29741  
23060  
7615  
6605  
6884  
6284  
15032  
26873  
11608  
2693  
27920  
11364  
31225  
27964  
17248  
9558  
13758  
30553  
22785  
979  
2669  
15904  
30321  
5487  
23063  
31467  
4344  
22115  
23521  
17624  
28043  
6367  
30219  
4799  
27376  
13986  
31018  
6503  
14115  
201  
8376  
23033  
29689  
25060  
31951  
29876  
3843  
26191  
10546  
5091  
20661  
7872  
30093  
780  
26311  
4380  
25342  
18027  
28124  
11151  
6867  
18078  
15970  
28123  
17046  
25762  
185  
15600  
20807  
2558  
19607  
5310  
18920  
2366  
22443  
3143  
32575  
25251  
30592  
24568  
17623  
16665  
31397  
30265  
12616  
17257  
7435  
4675  
21944  
26032  
7086  
10545  
3746  
7952  
11127  
3418  
20950  
1957  
22369  
25567  
7617  
6843  
2524  
6272  
28143  
26942  
17775  
17332  
22734  
20593  
20640  
14072  
15029  
2275  
22808  
9063  
4644  
8608  
20995  
3723  
29006  
15268  
4534  
2419  
10452  
6549  
29332  
24069  
4052  
22449  
31538  
9878  
3362  
24581  
20921  
952  
17877  
28383  
32396  
25683  
5382  
15239  
16939  
5112  
12500  
6442  
600  
881  
8363  
9239  
4728  
32669  
26823  
20270  
23355  
19067  
3827  
26004  
9599  
19076  
23703  
21676  
3186  
17470  
497  
21059  
23287  
21006  
32419  
13067  
22604  
3661  
29550  
1355  
18409  
9119  
16701  
17364  
8363  
14208  
6501  
13623  
16177  
25376  
25387  
19253  
6023  
11889  
6791  
5751  
10753  
16766  
3111  
8832  
16234  
16382  
4791  
19935  
12382  
809  
14688  
29353  
15349  
9674  
26510  
29478  
12706  
5782  
31223  
32459  
29274  
9404  
27865  
9064  
3320  
15037  
31618  
32419  
31200  
15230  
22806  
9125  
14818  
13724  
26253  
2323  
23650  
24831  
2555  
4928  
12470  
6834  
2836  
3745  
9936  
21233  
6383  
11905  
8989  
8580  
23818  
25589  
18860  
29772  
16271  
8467  
1171  
3100  
16597  
23647  
18831  
15306  
3114  
26758  
25322  
7557  
10192  
29775  
16290  
12904  
26181  
18126  
3783  
8272  
31943  
3035  
10789  
491  
25368  
17602  
5155  
32018  
24703  
12604  
3307  
4953  
27151  
17566  
715  
24804  
13867  
31569  
25051  
15740  
10570  
9346  
1761  
29665  
32760  
29722  
22897  
866  
23070  
28913  
20825  
8108  
2946  
4926  
27452  
25312  
21905  
10067  
20604  
26088  
28253  
18567  
13917  
13066  
30946  
2163  
14440  
18109  
21133  
5729  
12814  
4796  
23039  
31489  
23438  
14170  
4878  
15454  
11801  
26389  
19468  
32273  
21299  
10349  
10316  
29108  
9052  
27127  
13283  
11162  
30704  
7341  
25772  
12221  
21580  
18568  
11407  
19192  
10802  
20305  
258  
3191  
15727  
20916  
31695  
29547  
27322  
27286  
31000  
9474  
21984  
13480  
22169  
16022  
17182  
20028  
14382  
6181  
8142  
20312  
30101  
2817  
32327  
26121  
5492  
4296  
2302  
3322  
31134  
20119  
12529  
4165  
8338  
24699  
6981  
21641  
8261  
31016  
4653  
5181  
15905  
10734  
32015  
1860  
18509  
26344  
9186  
10433  
5167  
7031  
16859  
3884  
17967  
25326  
11080  
2726  
18110  
14735  
2748  
32137  
2199  
14775  
31084  
9028  
1093  
14677  
30425  
14694  
3302  
23456  
943  
16120  
25134  
27402  
25581  
15888  
9135  
3951  
19527  
21411  
2391  
13459  
32457  
27035  
1338  
13515  
6844  
22313  
12945  
7162  
9165  
23389  
13827  
5823  
1132  
9716  
29476  
25069  
3955  
25201  
15164  
20028  
17672  
31087  
22857  
11326  
24260  
31797  
8007  
13460  
26389  
28299  
22702  
16481  
24544  
25292  
17981  
26111  
15467  
7229  
1782  
19953  
12923  
11165  
4714  
21529  
9913  
14845  
10294  
18731  
14426  
30162  
22734  
26722  
12287  
22089  
2937  
21874  
21978  
10458  
9629  
14013  
29459  
7456  
14141  
16329  
618  
17128  
20672  
16370  
21533  
11912  
26100  
2396  
10508  
14194  
25170  
17452  
2331  
1288  
21124  
504  
22744  
23986  
18212  
9595  
29278  
27694  
21703  
29326  
17785  
28456  
21818  
23124  
17162  
1803  
19979  
22452  
6061  
5654  
8267  
28684  
31130  
26290  
26003  
11299  
3529  
3075  
7749  
7520  
10330  
12477  
5396  
17210  
27699  
18489  
7111  
25840  
3563  
21960  
1337  
13178  
15847  
15943  
165  
18367  
32194  
22515  
14880  
20744  
25842  
11391  
25703  
1973  
6313  
8548  
4059  
14383  
31482  
31353  
29386  
31261  
21821  
27331  
1776  
26587  
436  
10126  
8254  
27175  
22639  
12732  
24794  
27678  
25452  
18782  
11878  
2920  
7683  
16257  
3205  
6319  
17281  
6730  
155  
31829  
28948  
16198  
25301  
21350  
7911  
6139  
16490  
22731  
13453  
25795  
13088  
28353  
15523  
12762  
21009  
23690  
31665  
8885  
8111  
5218  
28242  
1941  
6406  
5557  
29333  
29021  
19009  
16271  
8354  
14240  
3184  
10068  
5793  
9471  
20616  
18353  
15319  
15794  
7083  
7122  
16146  
21604  
6314  
31446  
21576  
24900  
25289  
18304  
30075  
20313  
28098  
18479  
10975  
13333  
12044  
15120  
7743  
9518  
27740  
31378  
32157  
8361  
21357  
17946  
28953  
15160  
16125  
761  
10260  
2245  
19736  
2459  
16788  
29519  
10904  
21248  
5098  
29685  
14317  
6768  
6035  
25168  
27418  
18283  
31069  
19974  
4864  
13280  
6090  
5788  
24543  
8863  
28601  
13708  
21786  
31247  
15427  
28312  
2106  
5924  
19940  
23133  
20790  
19596  
23771  
32555  
20466  
25129  
23251  
27668  
27397  
10436  
1986  
2627  
11199  
30208  
19986  
6288  
7019  
7308  
10751  
1361  
1489  
13469  
8256  
6770  
17663  
18588  
2025  
12232  
31305  
14875  
11152  
22434  
22671  
29454  
1454  
14753  
25534  
14136  
7241  
4042  
18841  
10723  
16336  
31194  
14266  
23508  
12615  
6873  
21203  
30078  
29603  
13554  
13114  
20854  
19576  
14210  
2725  
6951  
14289  
29551  
22322  
17863  
21343  
27067  
18346  
28554  
1239  
26713  
13574  
1301  
24469  
26943  
21810  
14645  
3461  
26556  
2834  
9425  
16195  
8204  
30659  
8989  
26497  
27946  
12579  
15889  
17834  
14565  
16787  
16154  
964  
12854  
21755  
14351  
27547  
15825  
14095  
6246  
30492  
21754  
1745  
8872  
16383  
18074  
17239  
22050  
4777  
3730  
5583  
8414  
10320  
14159  
31936  
28113  
19552  
31134  
15507  
25430  
28957  
3778  
14673  
26075  
30602  
26821  
7598  
13018  
11914  
17675  
29511  
10252  
19782  
19757  
4136  
2777  
27854  
14852  
32145  
25618  
17667  
11523  
15354  
17378  
12468  
13258  
2132  
514  
15623  
10745  
1682  
20013  
18459  
27970  
30056  
9428  
29419  
6083  
20306  
31762  
27254  
13458  
31961  
15586  
19485  
8857  
31762  
23696  
10572  
6564  
8551  
10861  
28252  
1464  
21913  
9671  
12472  
11431  
29958  
28696  
10303  
20961  
13352  
12158  
22506  
19597  
11615  
30059  
10671  
17368  
31728  
32158  
421  
1421  
2125  
22866  
3176  
10983  
27031  
23221  
19647  
32675  
97  
21659  
11388  
24408  
11959  
628  
5284  
32011  
20830  
11387  
20688  
18686  
24158  
23601  
16851  
26826  
19646  
13578  
9117  
30125  
10639  
17766  
27232  
29989  
32300  
25538  
31473  
16318  
27583  
27696  
17008  
18984  
8199  
29188  
28971  
1164  
1881  
14801  
23744  
17440  
24549  
3988  
19842  
27386  
4667  
19758  
15134  
16930  
29454  
9496  
15487  
14826  
21047  
1362  
12014  
1154  
31484  
9884  
22654  
16071  
2451  
7145  
2471  
7004  
14818  
30225  
561  
17404  
5001  
20422  
7507  
25870  
5922  
21961  
2333  
6010  
20679  
8029  
3347  
7356  
29653  
27389  
9243  
8503  
25584  
4938  
28057  
30923  
20296  
20551  
14808  
2473  
15898  
6344  
13740  
22886  
15225  
14376  
31061  
28751  
31566  
27707  
32423  
1789  
8606  
8067  
17000  
12841  
3851  
5031  
5370  
193  
22174  
4128  
24121  
16442  
16579  
26934  
22695  
23337  
32661  
29483  
1991  
1549  
30812  
13750  
28102  
11887  
18004  
29619  
17504  
24622  
23217  
23320  
15618  
5396  
24031  
28971  
3116  
8876  
13838  
3826  
17434  
14936  
22254  
491  
17059  
12190  
16055  
9470  
13921  
30915  
17517  
1456  
32530  
7579  
7010  
27033  
27966  
2207  
12284  
18456  
9499  
28224  
16824  
3141  
10413  
15995  
24175  
13095  
19761  
21678  
8921  
6696  
8124  
22954  
25679  
4549  
32032  
3081  
10197  
2186  
24847  
25282  
2647  
25150  
12419  
15866  
32307  
20315  
860  
6685  
504  
14529  
12619  
31022  
13421  
5034  
9712  
30299  
27094  
12769  
16447  
14293  
9842  
25135  
16680  
13022  
8776  
29974  
3447  
30244  
14884  
31170  
18169  
28237  
29148  
18237  
224  
22739  
27607  
9698  
4968  
22802  
31184  
11540  
21179  
25503  
10968  
10544  
11538  
29660  
31386  
7615  
29726  
16329  
1507  
14321  
21926  
24093  
26722  
17735  
18289  
4758  
10156  
655  
27238  
13453  
20354  
22293  
10482  
25549  
9047  
20504  
5290  
32677  
2317  
28795  
18226  
5180  
4352  
10429  
19037  
12837  
16197  
2859  
19349  
25651  
31284  
4180  
7806  
14223  
16931  
32702  
21206  
2567  
5749  
20695  
24992  
4777  
11220  
6190  
13697  
22673  
22458  
21731  
4714  
3071  
21814  
12893  
8311  
30125  
18157  
4666  
7703  
28767  
6751  
29324  
32110  
8379  
12395  
1090  
28919  
24411  
28437  
1508  
11118  
2337  
8328  
13956  
22253  
10698  
17239  
29937  
1877  
13510  
12296  
24365  
11247  
16455  
14291  
1569  
17491  
30361  
8359  
2448  
23689  
12721  
8814  
12362  
5231  
29960  
18834  
20642  
13914  
14762  
25280  
7457  
8448  
16521  
21484  
10620  
2198  
24344  
1685  
15300  
21301  
31253  
18250  
15837  
5250  
8870  
15981  
25393  
27790  
2472  
26167  
22181  
19963  
15684  
8700  
1229  
28513  
25795  
23216  
22107  
27631  
28323  
17579  
28382  
22358  
25834  
12969  
17321  
18658  
23482  
6677  
7952  
8682  
11814  
11399  
25563  
4971  
32068  
10891  
9460  
9968  
9603  
21412  
25955  
20149  
7743  
6032  
5244  
16651  
30611  
27854  
6743  
8958  
27247  
28766  
2177  
17974  
12010  
13000  
17137  
32283  
3289  
22111  
13630  
20541  
23200  
25287  
26639  
1010  
24136  
29109  
2770  
21825  
17618  
6390  
17841  
20222  
9163  
13747  
26561  
4151  
14625  
31987  
17789  
207  
23861  
30049  
23412  
14697  
23345  
15952  
2366  
8839  
9116  
18428  
30900  
3827  
3372  
24850  
1377  
21855  
6107  
15731  
14387  
11592  
26172  
23093  
11126  
21280  
24848  
25323  
27395  
14251  
14613  
31783  
9397  
16042  
15134  
5949  
15645  
20663  
10856  
13129  
7287  
17520  
5420  
12147  
18396  
25303  
22385  
4721  
6841  
2809  
16420  
27470  
13439  
14542  
3178  
12138  
28316  
29537  
11573  
14787  
28331  
26160  
2838  
20338  
10471  
10710  
15442  
19833  
26342  
32743  
24887  
25531  
9860  
1564  
6832  
332  
25885  
9392  
20248  
21995  
11007  
15369  
12620  
3277  
27422  
21915  
15876  
9373  
2826  
23562  
9059  
2240  
10015  
7822  
18124  
20445  
26363  
9116  
23800  
17309  
30262  
3779  
18501  
5551  
30029  
7636  
12625  
26128  
30430  
325  
3528  
32393  
23835  
5079  
2426  
26489  
11129  
13687  
1457  
14804  
8360  
19810  
8897  
21100  
11464  
14221  
2016  
19055  
6106  
8516  
23864  
22833  
27764  
6417  
11323  
812  
31417  
21983  
6711  
14918  
1929  
31071  
12586  
21330  
31733  
20907  
10967  
29912  
10486  
24106  
29209  
25369  
29534  
7091  
20088  
19790  
31758  
23541  
28154  
49  
6250  
11286  
16699  
8638  
12042  
3738  
24000  
23099  
19634  
3207  
23177  
3702  
1413  
25030  
23269  
3918  
30325  
18637  
15243  
25204  
31486  
10619  
5605  
2163  
27412  
12099  
3503  
25582  
30042  
2701  
7361  
9769  
27028  
24921  
20777  
25804  
1887  
13094  
12669  
15587  
9504  
13330  
15216  
10024  
17210  
25410  
12450  
24965  
24452  
24708  
9661  
4565  
7418  
17715  
1981  
1515  
5042  
1116  
2959  
13525  
23826  
5662  
15326  
25953  
12353  
29271  
6442  
7649  
8923  
7805  
26  
16684  
25065  
21193  
18963  
31973  
30480  
31387  
23561  
27904  
28168  
5146  
6037  
6273  
28240  
13082  
25160  
11143  
7456  
11076  
14144  
4746  
23456  
9584  
30456  
23265  
13655  
9302  
26980  
31879  
4838  
15462  
9790  
28958  
1270  
756  
22427  
15412  
15215  
30872  
2753  
18630  
31978  
29397  
828  
16386  
12906  
18680  
17455  
15697  
23366  
18499  
17385  
917  
32106  
13131  
32184  
6063  
26048  
20639  
22018  
25669  
19688  
19626  
1169  
19138  
13359  
29403  
31023  
17822  
3775  
515  
28275  
32735  
2835  
8190  
7898  
1504  
4270  
12437  
20505  
29521  
17933  
5027  
10418  
17023  
13018  
3703  
966  
8405  
21090  
25722  
14122  
27811  
10825  
25361  
32701  
16415  
14716  
25797  
2040  
11690  
21352  
4002  
15558  
4436  
15210  
21212  
25750  
7073  
5254  
26553  
11439  
31118  
31067  
22954  
8388  
15823  
20566  
22971  
16585  
28507  
12327  
24878  
10501  
24874  
26737  
26467  
103  
14141  
710  
12028  
8477  
15584  
20434  
28222  
12131  
28716  
21718  
22201  
4761  
26319  
11609  
16427  
1177  
28688  
13594  
31394  
11079  
6157  
3656  
3041  
28778  
28743  
22517  
23557  
3002  
16737  
10441  
5480  
29497  
2597  
8691  
15302  
9671  
28616  
11877  
16030  
1009  
879  
16961  
2779  
11019  
241  
11918  
24500  
1662  
27359  
23856  
27345  
2914  
10178  
2327  
28591  
21072  
1187  
18102  
32325  
881  
16593  
28855  
31976  
18651  
1758  
19693  
2412  
15134  
30443  
32138  
30092  
31769  
9765  
4754  
25227  
29715  
14224  
20367  
16412  
25863  
29188  
31111  
12928  
18494  
30581  
16683  
9198  
10787  
375  
7505  
1335  
30804  
18176  
10660  
426  
30197  
28528  
23962  
10805  
19017  
14032  
12199  
23502  
23939  
10071  
30897  
25873  
30681  
3123  
11203  
12075  
22235  
390  
13829  
28150  
11523  
17838  
6892  
7013  
16269  
12233  
8366  
16931  
5768  
28536  
8441  
23415  
29486  
31204  
20964  
17515  
113  
18431  
6950  
3629  
29142  
18957  
19333  
11701  
1158  
13410  
17042  
20136  
5795  
2413  
25236  
19837  
18648  
1269  
24258  
7390  
24116  
19619  
14773  
6737  
20024  
2497  
2076  
5655  
15662  
20545  
19378  
4692  
20157  
30465  
31341  
32113  
1723  
17741  
1528  
27583  
11330  
6566  
30564  
5213  
25350  
28097  
29467  
5467  
28389  
23507  
14613  
17183  
21952  
2316  
30030  
1800  
21386  
6497  
29815  
4434  
21662  
4239  
4331  
25146  
27222  
17501  
27622  
28258  
28121  
17441  
18161  
25206  
17716  
22917  
4513  
18960  
32429  
1675  
32641  
7641  
13907  
9423  
14925  
31986  
31194  
2573  
1121  
5522  
7846  
21986  
24432  
240  
15910  
19671  
2937  
5731  
19555  
25755  
29175  
31175  
31961  
26000  
20825  
26916  
27013  
17801  
15537  
3466  
12351  
8147  
17328  
21311  
31306  
28274  
22226  
3357  
8746  
26796  
15318  
26421  
27573  
10956  
9841  
27832  
621  
2848  
18755  
9496  
12813  
16452  
29450  
3178  
3426  
15522  
3094  
27407  
30556  
25402  
2045  
20627  
16997  
31135  
8079  
13781  
23025  
31554  
26380  
2664  
10839  
12787  
5269  
12602  
15071  
14245  
2785  
12403  
11804  
17778  
31793  
6304  
7292  
29663  
14726  
26385  
32029  
20576  
529  
26495  
4322  
27679  
26347  
22771  
967  
18425  
5894  
23010  
14449  
16841  
10084  
24477  
29194  
26346  
11142  
15593  
20555  
20471  
12840  
31721  
20954  
27093  
31275  
3909  
20695  
20468  
29651  
7813  
11697  
7121  
25138  
29118  
7231  
19904  
12516  
16497  
18188  
13032  
20989  
26544  
15602  
27791  
14400  
19330  
23786  
31896  
16786  
26505  
13346  
31561  
9646  
21218  
592  
23122  
15641  
15181  
22599  
22795  
13401  
7054  
1223  
3582  
32610  
12563  
17306  
10661  
8529  
29910  
25308  
22133  
7260  
7045  
21147  
23067  
7689  
24801  
21152  
23557  
15263  
8804  
12939  
29988  
21210  
3366  
22566  
27888  
25315  
25345  
32755  
18349  
29055  
6899  
27655  
2541  
20615  
24773  
29979  
21847  
22424  
14314  
12769  
17062  
26123  
17834  
10388  
7413  
16680  
1664  
16083  
25145  
8854  
29376  
23471  
11535  
2838  
22140  
28675  
27576  
11634  
24745  
22788  
2145  
1455  
11646  
20760  
26280  
28810  
20509  
25324  
23133  
22307  
8053  
4800  
31621  
17139  
19047  
12806  
31653  
28163  
30503  
4396  
24637  
9056  
29158  
950  
18066  
970  
11950  
27279  
5296  
684  
8845  
14497  
15280  
12113  
14325  
9635  
28471  
7764  
25187  
818  
30271  
1880  
5439  
26660  
31002  
27386  
8707  
9753  
28851  
21764  
16800  
15698  
6936  
3811  
19742  
17095  
6453  
22108  
27010  
27763  
6626  
27770  
10996  
14323  
13857  
4299  
29473  
24399  
25248  
15564  
3807  
4120  
6790  
13217  
22287  
6323  
10092  
14857  
22728  
32756  
10920  
2706  
18610  
15087  
19410  
23049  
17839  
29962  
12417  
53  
11969  
7767  
8534  
6341  
4136  
13345  
60  
12422  
27594  
30661  
29677  
21209  
24792  
1987  
27833  
2917  
30383  
3861  
26243  
12297  
3836  
32448  
3084  
1812  
17188  
1448  
8052  
7609  
12515  
15016  
19453  
25277  
31283  
11490  
17683  
22899  
31855  
20052  
22153  
30954  
696  
27821  
18982  
2917  
30616  
11358  
18016  
8715  
23013  
14835  
2663  
28896  
30952  
9636  
11109  
9972  
15295  
7463  
14084  
5851  
30720  
30665  
24370  
17244  
7071  
18621  
4897  
9325  
11794  
27572  
10641  
14432  
27826  
16302  
81  
13655  
1637  
1039  
13571  
28413  
14970  
3061  
23329  
17528  
24276  
15305  
21309  
10905  
4427  
1300  
10125  
9814  
6223  
21652  
4518  
19323  
14030  
9872  
3464  
5020  
30552  
13672  
7643  
8526  
12930  
30320  
9592  
17303  
21640  
22782  
31275  
19874  
9782  
31682  
5303  
5815  
7432  
19542  
539  
13931  
30352  
17686  
31252  
20756  
8984  
15666  
16099  
2176  
17289  
32514  
10832  
25831  
16011  
6297  
3055  
18973  
12526  
6812  
15522  
19724  
15689  
14677  
2911  
32098  
32480  
1027  
26420  
30599  
9163  
9844  
27272  
21202  
29269  
26838  
11171  
16380  
15779  
25035  
30321  
27605  
3478  
3771  
21378  
31285  
32241  
18030  
86  
11574  
6335  
14810  
15576  
3232  
12271  
30521  
4648  
8613  
31298  
9055  
30365  
6863  
30567  
23883  
29451  
27702  
24420  
32764  
11585  
16374  
8503  
13958  
31702  
19168  
13501  
5732  
26406  
22896  
17364  
13328  
15255  
10495  
28348  
26065  
4385  
24890  
12228  
10452  
27661  
16851  
8738  
23679  
23292  
22647  
12322  
18434  
13868  
21247  
27779  
7727  
25591  
16874  
6941  
29579  
18076  
24331  
11464  
23205  
14146  
11391  
12922  
6822  
12858  
32738  
2991  
13354  
6277  
19906  
21518  
10318  
10902  
18772  
21577  
13834  
8280  
11366  
31301  
450  
627  
15253  
7291  
23319  
10444  
23232  
3230  
5379  
586  
17853  
15741  
9253  
2528  
16714  
44  
30553  
3272  
22598  
7262  
16012  
9740  
31009  
18454  
5071  
4939  
1937  
17023  
15017  
18106  
13958  
5655  
27058  
23145  
15969  
17939  
21085  
18632  
17248  
27392  
23318  
3689  
93  
678  
16269  
6407  
2489  
30513  
2897  
10184  
15507  
8595  
8864  
191  
11837  
19236  
19838  
8117  
12272  
29323  
30980  
16937  
15038  
22498  
8955  
29845  
22473  
5141  
9129  
1267  
22707  
16267  
18923  
32384  
29781  
27657  
32132  
4800  
7092  
30163  
23477  
5058  
6960  
28692  
526  
25509  
23551  
12415  
31619  
32091  
23002  
15927  
962  
31405  
8438  
10220  
5316  
15231  
26678  
1351  
29346  
4694  
7071  
10121  
10667  
6679  
27404  
15727  
12979  
6418  
12579  
28248  
12717  
5438  
18055  
12457  
637  
32198  
5455  
24433  
2055  
3525  
184  
21321  
29068  
19534  
29974  
639  
27190  
19888  
13329  
27763  
26353  
6648  
12557  
21568  
1661  
23735  
4586  
3743  
14273  
16901  
10222  
26377  
6755  
9413  
29951  
24604  
19861  
29227  
4374  
21312  
8498  
26236  
1008  
13194  
23817  
1813  
26375  
30689  
4729  
32175  
25536  
28767  
11326  
14561  
25062  
2809  
12426  
30182  
31319  
19299  
26967  
6049  
509  
31278  
26364  
28382  
16640  
20276  
4351  
22491  
10810  
6965  
14635  
20743  
9964  
13506  
25826  
28425  
19119  
11354  
16564  
20996  
941  
3028  
29232  
26  
6928  
9468  
15353  
18735  
6587  
13185  
10269  
6127  
25912  
22031  
11427  
21522  
10482  
8888  
32355  
14814  
24485  
23192  
1563  
19182  
4370  
185  
11198  
15411  
6135  
22580  
27663  
1336  
1086  
3481  
27759  
29866  
28021  
3985  
243  
28183  
18814  
23234  
22714  
13558  
7048  
15603  
17534  
26856  
3902  
21361  
19304  
5949  
21565  
18609  
553  
1466  
19916  
5430  
22598  
6809  
27335  
18357  
20403  
1490  
14813  
6264  
21156  
3993  
3580  
19456  
7072  
12328  
18184  
10478  
25559  
21694  
4819  
1316  
19381  
30184  
14922  
11815  
12727  
25343  
20204  
12487  
27518  
26354  
19585  
17411  
5410  
10821  
776  
23335  
27336  
30298  
23793  
9015  
24695  
15856  
21900  
28560  
27687  
3817  
13250  
22989  
13851  
20816  
23811  
6376  
9073  
30618  
21631  
21409  
28408  
1068  
15001  
29220  
17473  
2078  
24728  
13030  
4345  
32575  
17568  
1744  
117  
11609  
2530  
30879  
21903  
24758  
16655  
9099  
5809  
15842  
5394  
32038  
16431  
30899  
12286  
30344  
28890  
7815  
27717  
14505  
17618  
21965  
9772  
14  
21147  
14023  
16763  
23464  
32371  
8589  
14201  
21241  
6115  
13654  
16663  
14200  
30101  
19699  
29036  
9527  
869  
9372  
21601  
30403  
30394  
3311  
26030  
12363  
7447  
20278  
29701  
9733  
30957  
9961  
17548  
25038  
8372  
29812  
2705  
3089  
5177  
3385  
1914  
23529  
31802  
19673  
26362  
21130  
2096  
19375  
11147  
17885  
24172  
24222  
16152  
32362  
21093  
17421  
31737  
27771  
21841  
8751  
16933  
14462  
21746  
14984  
27811  
12972  
31923  
30381  
15170  
26088  
3315  
12875  
1162  
20970  
15521  
26218  
17394  
4252  
22793  
6643  
22612  
27332  
6125  
15216  
1693  
8164  
20440  
18452  
5321  
25950  
2735  
25595  
4367  
24796  
9865  
18354  
6488  
8687  
30912  
9978  
14070  
24311  
10057  
29897  
8851  
31042  
11328  
10386  
1127  
3192  
14279  
26822  
1199  
3382  
25617  
16027  
16474  
15097  
28602  
14092  
30213  
26942  
29274  
5409  
32553  
25575  
16217  
31088  
27027  
29409  
27397  
8932  
17685  
16644  
9697  
11453  
31100  
10810  
25152  
28120  
14529  
13540  
30739  
23857  
24964  
14969  
15104  
8102  
26037  
880  
14004  
8958  
2453  
23137  
1401  
27177  
3805  
23143  
29963  
28361  
8252  
31944  
28071  
15346  
4359  
10712  
20326  
9774  
17709  
20762  
14793  
17605  
21865  
19625  
29077  
4155  
17339  
5078  
22753  
18969  
21528  
275  
11629  
4593  
23905  
12048  
309  
19356  
9874  
12579  
8518  
15046  
9276  
10989  
24273  
30637  
10805  
2875  
28286  
8485  
25997  
28202  
20994  
28640  
12997  
27279  
32756  
3820  
9276  
20117  
15836  
23933  
19690  
4008  
24718  
32237  
9040  
29074  
26294  
22017  
4271  
10468  
8627  
25710  
121  
31896  
24745  
3995  
1029  
10996  
20945  
20905  
24198  
5554  
3604  
26033  
3390  
31069  
729  
23116  
8175  
13310  
11803  
11609  
30099  
24312  
24766  
21754  
12620  
16433  
31523  
23008  
31646  
22130  
22522  
26313  
25564  
1297  
22871  
28998  
30176  
8909  
19464  
24514  
22527  
28665  
5415  
20672  
1341  
14301  
24043  
26468  
30652  
8537  
12739  
16693  
22395  
29387  
17062  
31009  
317  
19763  
18340  
23490  
31174  
8853  
10690  
12511  
8525  
27551  
29444  
15926  
15151  
24716  
13259  
26488  
7649  
14664  
21089  
3990  
7976  
14549  
30931  
7995  
4236  
2029  
5375  
21657  
24586  
8937  
7917  
16489  
12553  
24289  
6499  
5165  
399  
3 
7929  
29517  
10638  
3 
17156  
37  
12714  
